 -0.23192 -0.505883   1.37235	20	
-0.232305 -0.503755   1.37241	23	
-0.232323 -0.503772   1.37239	23	
-0.231942 -0.502899   1.37215	24	
-0.232339 -0.502897   1.37334	28	
-0.232339 -0.502897   1.37334	28	
-0.232339 -0.502897   1.37334	28	
-0.232339 -0.502897   1.37334	28	
-0.232339 -0.502897   1.37334	28	
-0.232339 -0.502897   1.37334	28	
-0.232339 -0.502897   1.37334	28	
-0.232339 -0.502897   1.37334	28	
-0.232339 -0.502897   1.37334	28	
-0.232339 -0.502897   1.37334	28	
-0.232339 -0.502897   1.37334	28	
-0.232339 -0.502897   1.37334	28	
-0.232339 -0.502897   1.37334	28	
-0.232339 -0.502897   1.37334	28	
-0.232339 -0.502897   1.37334	28	
-0.232339 -0.502897   1.37334	28	
-0.232339 -0.502897   1.37334	28	
-0.232339 -0.502897   1.37334	28	
-0.232339 -0.502897   1.37334	28	
-0.232339 -0.502897   1.37334	28	
-0.232339 -0.502897   1.37334	28	
-0.232339 -0.502897   1.37334	28	
-0.232339 -0.502897   1.37334	28	
-0.232339 -0.502897   1.37334	28	
-0.232339 -0.502897   1.37334	28	
-0.232339 -0.502897   1.37334	28	
-0.232339 -0.502897   1.37334	28	
-0.232339 -0.502897   1.37334	28	
-0.232339 -0.502897   1.37334	28	
-0.232339 -0.502897   1.37334	28	
-0.232339 -0.502897   1.37334	28	
-0.232339 -0.502897   1.37334	28	
-0.232339 -0.502897   1.37334	28	
-0.232339 -0.502897   1.37334	28	
-0.232339 -0.502897   1.37334	28	
-0.232339 -0.502897   1.37334	28	
-0.232339 -0.502897   1.37334	28	
-0.232339 -0.502897   1.37334	28	
-0.232339 -0.502897   1.37334	28	
-0.232339 -0.502897   1.37334	28	
-0.232339 -0.502897   1.37334	28	
-0.232339 -0.502897   1.37334	28	
-0.232339 -0.502897   1.37334	28	
-0.232339 -0.502897   1.37334	28	
-0.232339 -0.502897   1.37334	28	
-0.232339 -0.502897   1.37334	28	
-0.232339 -0.502897   1.37334	28	
-0.232339 -0.502897   1.37334	28	
-0.232339 -0.502897   1.37334	28	
-0.232339 -0.502897   1.37334	28	
-0.232339 -0.502897   1.37334	28	
-0.232339 -0.502897   1.37334	28	
-0.232339 -0.502897   1.37334	28	
-0.232339 -0.502897   1.37334	28	
-0.232339 -0.502897   1.37334	28	
-0.232339 -0.502897   1.37334	28	
-0.232339 -0.502897   1.37334	28	
-0.232339 -0.502897   1.37334	28	
-0.232339 -0.502897   1.37334	28	
-0.232339 -0.502897   1.37334	28	
-0.232339 -0.502897   1.37334	28	
-0.232339 -0.502897   1.37334	28	
-0.232339 -0.502897   1.37334	28	
-0.232339 -0.502897   1.37334	28	
-0.232339 -0.502897   1.37334	28	
-0.232339 -0.502897   1.37334	28	
-0.232339 -0.502897   1.37334	28	
-0.232339 -0.502897   1.37334	28	
-0.232339 -0.502897   1.37334	28	
-0.232339 -0.502897   1.37334	28	
-0.232339 -0.502897   1.37334	28	
-0.232339 -0.502897   1.37334	28	
-0.232339 -0.502897   1.37334	28	
-0.232339 -0.502897   1.37334	28	
-0.232339 -0.502897   1.37334	28	
-0.232339 -0.502897   1.37334	28	
-0.232339 -0.502897   1.37334	28	
-0.232339 -0.502897   1.37334	28	
-0.232339 -0.502897   1.37334	28	
 -0.23378 -0.501551   1.37343	33	
-0.233793 -0.501543   1.37345	33	
-0.238241 -0.500067   1.37372	39	3.61159e-207	-3.78577e-270	-3.79367e-270	-3.78577e-270	-3.78577e-270	-3.86192e-270	-3.84413e-270	-3.78577e-270	-3.85174e-270	-3.90853e-270	-3.94727e-270	-3.78577e-270	-3.85162e-270	-4.00756e-270	-3.92033e-270	-1.05616e-314	
-0.238283 -0.500082   1.37376	39	-6.98351e-251	-2.1612e-311	-6.98351e-251	-1.00887e-314	-6.98959e-251	-1.00887e-314	-6.98351e-251	-1.05564e-311	-6.98351e-251	-6.98351e-251	-1.00887e-314	-6.98351e-251	-3.78577e-270	-6.98351e-251	-3.78577e-270	-6.98544e-251	
-0.238987 -0.499413   1.37334	42	-6.98351e-251	-7.33808e-251	-3.9713e-270	-3.86363e-270	-7.07945e-251	-3.85147e-270	-3.78577e-270	-1.96568e-236	-8.50645e-315	-8.50645e-315	-8.50645e-315	-8.50645e-315	-8.50645e-315	-8.50645e-315	-8.50645e-315	-8.50645e-315	
-0.239836 -0.498464   1.37234	47	-3.94377e-270	-3.78577e-270	-4.01747e-270	-4.01181e-270	-3.78577e-270	-3.94372e-270	-4.01758e-270	-1.04624e-314	-3.78577e-270	-3.78577e-270	-3.94961e-270	-3.79911e-270	-3.94666e-270	-3.78811e-270	-3.95148e-270	-1.287e-309	
-0.239836 -0.498464   1.37234	47	-3.87629e-270	-3.78577e-270	-3.78577e-270	-3.78577e-270	-3.78577e-270	-3.78577e-270	-3.79526e-270	-3.78577e-270	-4.02238e-270	-3.78578e-270	-3.78832e-270	-3.78577e-270	-3.78577e-270	-3.78577e-270	-3.78577e-270	-1.04452e-314	
-0.239989 -0.497755   1.37227	48	-3.94961e-270	-3.98053e-270	-3.99098e-270	-3.7909e-270	-3.79196e-270	-3.96253e-270	-4.01562e-270	-3.90575e-270	-3.83247e-270	-4.01997e-270	-3.87146e-270	-3.95137e-270	-4.02238e-270	-3.78577e-270	-4.02238e-270	5.68612e-207	
-0.234637 -0.503462   1.38178	58	-3.94051e-270	-3.99773e-270	-7.03537e-310	-3.78583e-270	-3.78588e-270	-3.78593e-270	-3.7864e-270	-3.78954e-270	-3.79268e-270	-3.79582e-270	-3.78577e-270	-3.78577e-270	-3.78577e-270	-3.84492e-270	-3.78577e-270	-6.95346e-310	
-0.234637 -0.503462   1.38178	58	-3.84924e-270	-1.12498e-310	-4.01539e-270	-3.8243e-270	-3.81494e-270	-3.8832e-270	-3.8543e-270	-3.98431e-270	-3.85126e-270	-3.8025e-270	-3.78738e-270	-3.96824e-270	-3.96621e-270	-3.88866e-270	-3.96838e-270	-7.17627e-310	
-0.234645 -0.502837   1.38147	59	-3.78577e-270	-3.99849e-270	-3.78577e-270	-3.92051e-270	-3.78577e-270	-3.97412e-270	-3.78577e-270	-3.85047e-270	-3.78577e-270	-3.97599e-270	-3.78577e-270	-4.00236e-270	-3.78577e-270	-3.86068e-270	-3.78577e-270	-1.19429e-309	
-0.235025 -0.502017   1.38017	62	-3.90216e-270	-4.02061e-270	-3.98e-270	-3.8792e-270	-3.89188e-270	-3.91618e-270	-3.79061e-270	-3.78577e-270	-3.78577e-270	-3.78577e-270	-3.78577e-270	-3.84156e-270	-3.85481e-270	-4.01185e-270	-3.85492e-270	-6.7595e-310	
-0.235025 -0.502017   1.38017	62	-3.78577e-270	-3.78577e-270	-3.78577e-270	-3.78762e-270	-3.78577e-270	-3.78577e-270	-7.11394e-251	-3.78577e-270	-3.78577e-270	-3.98232e-270	-3.81231e-270	-3.98417e-270	-3.91863e-270	-3.91863e-270	-3.8384e-270	-2.75021e-310	
-0.235025 -0.502017   1.38017	62	-3.79186e-270	-3.88647e-270	-3.89517e-270	-4.01324e-270	-3.94554e-270	-3.95045e-270	0.0598698	-3.82784e-270	-3.79257e-270	-3.79075e-270	-3.79123e-270	-3.83145e-270	-3.78577e-270	-3.78577e-270	-3.84325e-270	-1.04631e-314	
-0.235025 -0.502017   1.38017	62	-3.78577e-270	-3.78577e-270	-3.78577e-270	-3.94815e-270	-7.28944e-251	-3.88786e-270	-3.78582e-270	-3.78577e-270	-3.9396e-270	-3.78577e-270	-7.41848e-251	-6.98351e-251	-3.78577e-270	-3.94676e-270	-3.78577e-270	-8.44579e-315	
-0.235025 -0.502017   1.38017	62	-3.87454e-270	-3.89517e-270	-3.80042e-270	0.0673157	-3.8327e-270	-3.87074e-270	-3.92129e-270	0.389519	-3.95015e-270	-3.83841e-270	-3.8707e-270	-3.87538e-270	-3.9347e-270	-3.7864e-270	-3.78651e-270	4.96547e-312	
-0.235025 -0.502017   1.38017	62	-3.78577e-270	-3.96703e-270	-3.78577e-270	-3.92528e-270	-3.78577e-270	-3.91963e-270	-3.78577e-270	-3.8619e-270	0.0078125	-3.89912e-270	-3.8273e-270	-3.85087e-270	-3.98639e-270	-3.99453e-270	-3.95551e-270	-1.18727e-309	
-0.235025 -0.502017   1.38017	62	-8.10549e-310	-3.88279e-270	-3.9343e-270	-3.92673e-270	-3.91788e-270	-3.93055e-270	-3.91903e-270	-3.9892e-270	-3.86388e-270	-3.91835e-270	-3.88902e-270	-3.95202e-270	-3.79294e-270	-4.00236e-270	-3.85828e-270	0.0569069	
