0
0
62
88
155
182
248
294
334
352
365
387
429
466
511
543
568
573
579
606
615
636
653
663
680
689
695
753
761
788
829
842
859
883
906
920
947
970
983
987
1000
1010
1016
1022
1042
1053
1064
1090
1106
1141
1145
1150
1194
1199
1205
1228
1238
1256
1264
1276
1291
1300
1305
1309
1318
1320
1322
1332
1340
1352
1360
1375
1379
1379
1380
1382
1382
1384
1386
1386
1392
1393
1405
1409
1415
1419
1421
1440
1447
1472
1485
1494
1507
1517
1528
1543
1549
1556
1575
1594
1601
1611
1624
1640
1653
1658
1666
1668
1671
1684
1685
1687
1723
1728
1803
1815
1851
1911
1920
1939
1999
2001
2002
2056
2094
2121
2149
2151
2230
2237
